frequencies,amplitudes,colors
28.762670917595013,5.117353964819939e-07,"(139, 0, 0)"
27.557009603720385,9.316827213269698e-07,"(139, 0, 0)"
30.170481998430617,3.9730560039417634e-07,"(197, 34, 0)"
30.472297910990008,5.4291842897994816e-05,"(197, 34, 0)"
31.425976385104452,3.9396841062381606e-05,"(255, 69, 0)"
31.28089697883392,1.1172816408296752e-07,"(255, 69, 0)"
33.89436937354415,8.502918042513758e-07,"(204, 204, 0)"
32.986104160101824,8.837911377191836e-07,"(204, 204, 0)"
36.04928934940612,2.1616380458120829e-07,"(102, 152, 0)"
36.01271571298819,4.108507887734641e-05,"(102, 152, 0)"
38.37420526793824,4.439300673638225e-05,"(0, 100, 0)"
37.75891634280112,1.4463046432323609e-06,"(0, 100, 0)"
38.955738032421564,7.548139176735797e-07,"(0, 50, 69)"
39.505116972614054,5.484535431967387e-07,"(0, 50, 69)"
42.47747564057412,3.438280862843262e-07,"(41, 20, 0)"
42.09809264305177,1.0612196491565258e-05,"(41, 20, 0)"
43.97611324275396,3.701970838223485e-07,"(0, 0, 139)"
45.40442104786207,1.2253200035424747e-07,"(0, 0, 139)"
46.51925584039247,4.158303430960888e-07,"(75, 0, 130)"
48.06330670324442,9.193735228866732e-07,"(75, 0, 130)"
49.90475366652868,6.388762366125226e-07,"(112, 0, 171)"
51.762277541958355,1.852880411690188e-07,"(112, 0, 171)"
52.992855392232585,7.126702323770584e-07,"(148, 0, 211)"
52.03917691811814,5.339692418021738e-07,"(148, 0, 211)"
56.37835321836879,1.8421665450599043e-06,"(139, 0, 0)"
58.09963731178212,3.343534013410543e-07,"(139, 0, 0)"
60.55195338807639,4.2134706810589707e-07,"(197, 34, 0)"
59.916167738666765,2.8745950335512217e-07,"(197, 34, 0)"
62.2820771057439,3.074538786926794e-06,"(255, 69, 0)"
62.03451407811081,0.0001085774886931447,"(255, 69, 0)"
68.42894420862501,4.929168444963703e-07,"(204, 204, 0)"
65.74956182897016,5.267148343220124e-07,"(204, 204, 0)"
71.52146574645602,5.415112044579945e-07,"(102, 152, 0)"
71.29439944309543,3.187101026418114e-07,"(102, 152, 0)"
74.13051832903915,6.709557002310279e-07,"(0, 100, 0)"
74.5392376750882,3.9024209482209863e-07,"(0, 100, 0)"
80.81068745996734,6.476270515215097e-07,"(0, 50, 69)"
81.17399354534426,3.5980375312311813e-07,"(0, 50, 69)"
84.98428762967494,6.686254838232822e-07,"(41, 20, 0)"
82.42064830776391,9.27811230955879e-07,"(41, 20, 0)"
91.3465639358983,2.6188853550103325e-06,"(0, 0, 139)"
89.95482976720812,2.2948286834882802e-08,"(0, 0, 139)"
96.93239499856861,1.8116315705114539e-06,"(75, 0, 130)"
97.88607347268305,3.7389909044056883e-06,"(75, 0, 130)"
98.22004320953329,1.7660021999383745e-07,"(112, 0, 171)"
98.95549500454132,0.0010505770097411005,"(112, 0, 171)"
107.03021577992384,6.295451699547114e-07,"(148, 0, 211)"
108.94641235240691,0.00043700216120748397,"(148, 0, 211)"
111.18773903748603,2.5015747282088144e-07,"(139, 0, 0)"
112.91344294302644,3.692206928069991e-07,"(139, 0, 0)"
121.24456637029623,9.542146789179658e-07,"(197, 34, 0)"
121.59179554352774,1.375162872914681e-06,"(197, 34, 0)"
129.40287637913173,6.828137336479788e-07,"(255, 69, 0)"
125.81080897390746,1.1744929011967108e-06,"(255, 69, 0)"
134.67081461709722,1.581632408502391e-06,"(204, 204, 0)"
137.9112330369629,2.7943411457307057e-07,"(204, 204, 0)"
142.32073913428525,5.354265955546133e-07,"(102, 152, 0)"
138.62176829557134,1.5292240123459306e-06,"(102, 152, 0)"
152.96793885583298,2.2847681370743408e-07,"(0, 100, 0)"
151.6304575720691,7.643924412700341e-07,"(0, 100, 0)"
160.11831750562774,3.976078029059222e-07,"(0, 50, 69)"
161.23315229815813,4.5779671619561086e-08,"(0, 50, 69)"
167.046049664189,8.13885710743376e-07,"(41, 20, 0)"
165.9151379595132,1.5345917560481376e-06,"(41, 20, 0)"
182.6023013504524,1.0132304240102528e-06,"(0, 0, 139)"
174.65498073283203,1.119503287920461e-06,"(0, 0, 139)"
193.4516508389611,5.735423710263337e-07,"(75, 0, 130)"
193.45607065108817,7.897454689215188e-07,"(75, 0, 130)"
197.82016348773843,0.00038501785526340093,"(112, 0, 171)"
201.28764821096468,6.581379297344768e-07,"(112, 0, 171)"
209.82976102944963,2.509605173771521e-06,"(148, 0, 211)"
214.16893732970027,0.00024731107625448537,"(148, 0, 211)"
220.76993703930256,7.002015992100552e-07,"(139, 0, 0)"
221.31931597949503,7.556251933953602e-07,"(139, 0, 0)"
244.15776628544242,4.142070692357626e-07,"(197, 34, 0)"
239.8640032458639,4.761492823979193e-07,"(197, 34, 0)"
256.1762034514078,0.0005840649125657759,"(255, 69, 0)"
249.31880108991825,0.0007165875995347053,"(255, 69, 0)"
265.75398164109725,1.1592458524689453e-07,"(204, 204, 0)"
273.3584928976132,6.063657581163515e-07,"(204, 204, 0)"
285.4384202363961,3.187800212869657e-07,"(102, 152, 0)"
288.4561921650283,7.014703263575384e-07,"(102, 152, 0)"
306.80314947656325,1.787563284029569e-07,"(0, 100, 0)"
301.9483503967739,7.317836544056185e-07,"(0, 100, 0)"
320.49745747526987,1.0871625775108085e-07,"(0, 50, 69)"
326.2854383049011,4.0888223011205577e-07,"(0, 50, 69)"
349.1327282351027,9.414460087686733e-07,"(41, 20, 0)"
347.68392370572207,0.0008457068939261288,"(41, 20, 0)"
354.87529580406186,1.9249209233555958e-07,"(0, 0, 139)"
363.93303140208553,4.2683230582780817e-07,"(0, 0, 139)"
376.2239481320836,1.3217788950660006e-06,"(75, 0, 130)"
377.4046929095586,1.0045706255408985e-06,"(75, 0, 130)"
414.59815340002183,4.450447568852169e-07,"(112, 0, 171)"
396.9778082592407,8.222957555041401e-07,"(112, 0, 171)"
438.7829246139873,0.00373802766481045,"(148, 0, 211)"
429.0600670180273,1.196753274877011e-06,"(148, 0, 211)"
456.8529825493625,4.119976798724597e-07,"(139, 0, 0)"
442.59321869831797,6.362151538334577e-07,"(139, 0, 0)"
483.39924331827797,1.676308956673059e-06,"(197, 34, 0)"
485.92188919164397,0.00037209204676511015,"(197, 34, 0)"
499.4007879870083,5.558286534198452e-07,"(255, 69, 0)"
497.00272479564035,0.0007293682221149369,"(255, 69, 0)"
545.5450806420055,5.203908901845718e-07,"(204, 204, 0)"
531.2604002545614,4.558275466809163e-07,"(204, 204, 0)"
563.3470788254751,8.022688061537628e-07,"(102, 152, 0)"
576.8758106936386,6.391152095957355e-07,"(102, 152, 0)"
614.7138964577657,0.00025520700061135496,"(0, 100, 0)"
620.6132005330137,4.032794451632727e-07,"(0, 100, 0)"
654.6072360521563,2.038443725599616e-06,"(0, 50, 69)"
624.2667581110555,5.305431433362734e-07,"(0, 50, 69)"
680.1704819984307,3.001158484015333e-07,"(41, 20, 0)"
694.2779291553134,0.0018596366228973362,"(41, 20, 0)"
719.0940662065614,2.886788104804277e-06,"(0, 0, 139)"
733.2879200726612,0.00018071781984337515,"(0, 0, 139)"
765.0727827310155,8.642929882631441e-07,"(75, 0, 130)"
780.4429615624633,3.837443449792269e-07,"(75, 0, 130)"
788.6832584683889,2.989751224943828e-07,"(112, 0, 171)"
820.1546481141654,6.461774790259809e-07,"(112, 0, 171)"
863.2518324920038,3.386717677688455e-07,"(148, 0, 211)"
842.4774756405741,2.675592828841442e-07,"(148, 0, 211)"
903.4059945504088,0.00029342024621939266,"(139, 0, 0)"
922.4502276841708,4.0318735896364386e-07,"(139, 0, 0)"
960.9357561977258,3.3146159162781334e-07,"(197, 34, 0)"
947.3821077931627,1.316988831457939e-07,"(197, 34, 0)"
1012.4343937999057,5.441205444058625e-07,"(255, 69, 0)"
1023.3130796369411,1.9664011945474393e-07,"(255, 69, 0)"
1075.1340298759528,8.416816473869337e-07,"(204, 204, 0)"
1068.549107078496,2.4294557143365904e-06,"(204, 204, 0)"
1139.827429609446,0.00012530686023717985,"(102, 152, 0)"
1126.603331129606,4.057437297785735e-07,"(102, 152, 0)"
1230.3726317653916,2.1683045765746894e-07,"(0, 100, 0)"
1179.6050261460928,5.607221924870763e-07,"(0, 100, 0)"
1295.767727133239,1.2270152188030753e-06,"(0, 50, 69)"
1249.430124335535,1.3589600650006985e-06,"(0, 50, 69)"
1383.1472604785179,8.025604860381426e-07,"(41, 20, 0)"
1355.1931886287666,5.540139717972344e-07,"(41, 20, 0)"
1473.1519233185252,1.9528196679087244e-07,"(0, 0, 139)"
1448.819255222525,5.654502738708237e-05,"(0, 0, 139)"
1480.9879206905287,5.395372569576318e-07,"(75, 0, 130)"
1560.8493494885088,5.417163285467782e-07,"(75, 0, 130)"
1616.3399342177077,3.8273358383703135e-07,"(112, 0, 171)"
1570.547290548069,1.0810892258581313e-06,"(112, 0, 171)"
1677.8793222405523,1.3520064537060576e-06,"(148, 0, 211)"
1717.2731159675495,3.5899414986372445e-07,"(148, 0, 211)"
1847.2209514747467,3.498867985858331e-07,"(139, 0, 0)"
1815.4316690042654,1.6411236338042828e-07,"(139, 0, 0)"
1930.5337880838076,6.669857041368581e-07,"(197, 34, 0)"
1920.6630336058129,8.666500419500029e-05,"(197, 34, 0)"
2032.2434150772026,4.8733377849293435e-05,"(255, 69, 0)"
2030.674447677951,9.401240123972441e-07,"(255, 69, 0)"
2170.340720968981,6.020569730035892e-07,"(204, 204, 0)"
2167.7111716621253,1.9988046838674743e-05,"(204, 204, 0)"
